13041325	RAWMAG	-2.7282715	-6.7001343	-85.04639	-37.313843	4.7332764	40.748596
13041423	RAWMAG	-2.7282715	-6.7001343	-85.04639	-37.313843	4.7332764	40.748596
13041521	RAWMAG	-2.7282715	-6.7001343	-85.04639	-37.313843	4.7332764	40.748596
13041619	RAWMAG	-2.7282715	-6.7001343	-85.04639	-37.313843	4.7332764	40.748596
13041716	RAWMAG	-2.7282715	-6.7001343	-85.04639	-37.313843	4.7332764	40.748596
13041814	RAWMAG	-3.1799316	-6.6986084	-85.04791	-37.313843	4.7332764	40.748596
13041912	RAWMAG	-3.3294678	-6.6970825	-85.04791	-37.313843	4.7332764	40.748596
13042010	RAWMAG	-4.232788	-6.694031	-85.050964	-37.313843	4.7332764	40.748596
13042108	RAWMAG	-3.6331177	-6.3980103	-85.04944	-37.313843	4.7332764	40.748596
13042206	RAWMAG	-3.6346436	-6.095886	-85.050964	-37.313843	4.7332764	40.748596
13042303	RAWMAG	-3.6346436	-6.095886	-85.050964	-37.313843	4.7332764	40.748596
13042401	RAWMAG	-3.6315918	-6.6970825	-85.04944	-37.313843	4.7332764	40.748596
13042499	RAWMAG	-3.6331177	-6.2469482	-85.050964	-37.313843	4.7332764	40.748596
13042597	RAWMAG	-3.6331177	-6.3980103	-85.04944	-37.313843	4.7332764	40.748596
13042695	RAWMAG	-3.6331177	-6.3980103	-85.04944	-37.313843	4.7332764	40.748596
13042793	RAWMAG	-3.6331177	-6.3980103	-85.04944	-37.313843	4.7332764	40.748596
13042890	RAWMAG	-3.6331177	-6.3980103	-85.04944	-37.313843	4.7332764	40.748596
13042988	RAWMAG	-3.6315918	-6.6970825	-85.04944	-37.313843	4.7332764	40.748596
13043086	RAWMAG	-3.6315918	-6.8481445	-85.04791	-37.313843	4.7332764	40.748596
13043184	RAWMAG	-3.6315918	-6.8481445	-85.04791	-37.313843	4.7332764	40.748596
13043282	RAWMAG	-3.6315918	-6.8481445	-85.04791	-37.313843	4.7332764	40.748596
13043380	RAWMAG	-3.630066	-6.9976807	-85.04791	-37.313843	4.7332764	40.748596
13043477	RAWMAG	-3.630066	-6.9976807	-85.04791	-37.313843	4.7332764	40.748596
13043575	RAWMAG	-3.630066	-6.9976807	-85.04791	-37.313843	4.7332764	40.748596
13043673	RAWMAG	-3.630066	-6.9976807	-85.04791	-37.313843	4.7332764	40.748596
13043771	RAWMAG	-3.630066	-6.9976807	-85.04791	-37.313843	4.7332764	40.748596
13043869	RAWMAG	-3.630066	-6.9976807	-85.04791	-37.313843	4.7332764	40.748596
13043967	RAWMAG	-3.630066	-6.9976807	-85.04791	-37.313843	4.7332764	40.748596
13044064	RAWMAG	-3.6315918	-6.8481445	-85.04791	-37.313843	4.7332764	40.748596
13044162	RAWMAG	-3.6315918	-6.8481445	-85.04791	-37.313843	4.7332764	40.748596
13044260	RAWMAG	-3.6315918	-6.8481445	-85.04791	-37.313843	4.7332764	40.748596
13044358	RAWMAG	-3.630066	-6.9976807	-85.04791	-37.313843	4.7332764	40.748596
13044456	RAWMAG	-3.630066	-6.996155	-85.346985	-37.313843	4.7332764	40.748596
13044554	RAWMAG	-3.630066	-6.996155	-85.346985	-37.313843	4.7332764	40.748596
13044651	RAWMAG	-3.630066	-6.996155	-85.346985	-37.313843	4.7332764	40.748596
13044749	RAWMAG	-3.6315918	-6.994629	-85.64453	-37.313843	4.7332764	40.748596
13044847	RAWMAG	-3.6315918	-6.994629	-85.64453	-37.313843	4.7332764	40.748596
13044945	RAWMAG	-3.6315918	-6.994629	-85.64453	-37.313843	4.7332764	40.748596
13045043	RAWMAG	-3.6331177	-6.694031	-85.64606	-37.313843	4.7332764	40.748596
13045141	RAWMAG	-3.6331177	-6.694031	-85.64606	-37.313843	4.7332764	40.748596
13045239	RAWMAG	-3.6331177	-6.694031	-85.64606	-37.313843	4.7332764	40.748596
13045336	RAWMAG	-3.6331177	-6.845093	-85.64453	-37.313843	4.7332764	40.748596
13045434	RAWMAG	-3.6331177	-6.694031	-85.64606	-37.313843	4.7332764	40.748596
13045532	RAWMAG	-3.6331177	-6.694031	-85.64606	-37.313843	4.7332764	40.748596
13045630	RAWMAG	-3.3309937	-6.694031	-85.64453	-37.313843	4.7332764	40.748596
13045728	RAWMAG	-3.3309937	-6.694031	-85.64453	-37.313843	4.7332764	40.748596
13045826	RAWMAG	-3.3294678	-6.6970825	-85.04791	-37.313843	4.7332764	40.748596
13045923	RAWMAG	-3.3294678	-6.6970825	-85.04791	-37.313843	4.7332764	40.748596
13046021	RAWMAG	-3.3294678	-6.6970825	-85.04791	-37.313843	4.7332764	40.748596
13046119	RAWMAG	-3.327942	-6.6970825	-84.8999	-37.313843	4.7332764	40.748596
13046217	RAWMAG	-3.327942	-6.6970825	-84.75037	-37.313843	4.7332764	40.748596
13046315	RAWMAG	-3.327942	-6.6986084	-84.60083	-37.313843	4.7332764	40.748596
13046413	RAWMAG	-3.630066	-6.8496704	-84.60083	-37.313843	4.7332764	40.748596
13046510	RAWMAG	-3.630066	-6.8496704	-84.60083	-37.313843	4.7332764	40.748596
13046608	RAWMAG	-3.630066	-6.8496704	-84.60083	-37.313843	4.7332764	40.748596
13046706	RAWMAG	-3.630066	-6.8496704	-84.60083	-37.313843	4.7332764	40.748596
13046804	RAWMAG	-3.630066	-6.8496704	-84.60083	-37.313843	4.7332764	40.748596
13046902	RAWMAG	-3.630066	-6.8496704	-84.60083	-37.313843	4.7332764	40.748596
13047000	RAWMAG	-3.630066	-6.8496704	-84.60083	-37.313843	4.7332764	40.748596
13047097	RAWMAG	-3.630066	-6.8496704	-84.60083	-37.313843	4.7332764	40.748596
13047195	RAWMAG	-3.630066	-6.8496704	-84.60083	-37.313843	4.7332764	40.748596
13047293	RAWMAG	-3.1784058	-6.8511963	-84.599304	-37.313843	4.7332764	40.748596
13047391	RAWMAG	-3.327942	-6.8496704	-84.599304	-37.313843	4.7332764	40.748596
13047489	RAWMAG	-3.327942	-6.6986084	-84.60083	-37.313843	4.7332764	40.748596
13047587	RAWMAG	-3.327942	-6.8496704	-84.599304	-37.313843	4.7332764	40.748596
13047684	RAWMAG	-3.327942	-6.8496704	-84.599304	-37.313843	4.7332764	40.748596
13047782	RAWMAG	-3.327942	-6.8481445	-84.74884	-37.313843	4.7332764	40.748596
13047880	RAWMAG	-3.327942	-6.8481445	-84.74884	-37.313843	4.7332764	40.748596
13047978	RAWMAG	-3.327942	-6.8481445	-84.74884	-37.313843	4.7332764	40.748596
13048076	RAWMAG	-3.327942	-6.8481445	-84.74884	-37.313843	4.7332764	40.748596
13048174	RAWMAG	-3.327942	-6.8481445	-84.89838	-37.313843	4.7332764	40.748596
13048271	RAWMAG	-3.3309937	-6.845093	-85.643005	-37.313843	4.7332764	40.748596
13048369	RAWMAG	-3.3309937	-6.845093	-85.643005	-37.313843	4.7332764	40.748596
13048467	RAWMAG	-3.3309937	-6.845093	-85.643005	-37.313843	4.7332764	40.748596
13048565	RAWMAG	-3.3309937	-6.845093	-85.643005	-37.313843	4.7332764	40.748596
13048663	RAWMAG	-3.3309937	-6.845093	-85.643005	-37.313843	4.7332764	40.748596
13048761	RAWMAG	-3.3309937	-6.845093	-85.643005	-37.313843	4.7332764	40.748596
13048858	RAWMAG	-3.3309937	-6.694031	-85.64453	-37.313843	4.7332764	40.748596
13048956	RAWMAG	-3.6331177	-6.694031	-85.64606	-37.313843	4.7332764	40.748596
13049054	RAWMAG	-3.6346436	-6.3934326	-85.79712	-37.313843	4.7332764	40.748596
13049152	RAWMAG	-3.6346436	-6.3934326	-85.79712	-37.313843	4.7332764	40.748596
13049250	RAWMAG	-3.6346436	-6.3934326	-85.79712	-37.313843	4.7332764	40.748596
13049348	RAWMAG	-3.6361694	-6.0913086	-85.798645	-37.313843	4.7332764	40.748596
13049446	RAWMAG	-3.7841797	-6.2423706	-85.64758	-37.313843	4.7332764	40.748596
13049543	RAWMAG	-3.7841797	-6.2423706	-85.64758	-37.313843	4.7332764	40.748596
13049641	RAWMAG	-3.7826538	-6.2454224	-85.050964	-37.313843	4.7332764	40.748596
13049739	RAWMAG	-3.7826538	-6.2454224	-85.050964	-37.313843	4.7332764	40.748596
13049837	RAWMAG	-4.084778	-6.2438965	-85.050964	-37.313843	4.7332764	40.748596
13049935	RAWMAG	-4.084778	-6.2423706	-85.35004	-37.313843	4.7332764	40.748596
13050033	RAWMAG	-4.084778	-6.2423706	-85.35004	-37.313843	4.7332764	40.748596
13050130	RAWMAG	-4.084778	-6.3934326	-85.34851	-37.313843	4.7332764	40.748596
13050228	RAWMAG	-4.084778	-6.3934326	-85.34851	-37.313843	4.7332764	40.748596
13050326	RAWMAG	-4.084778	-6.3934326	-85.34851	-37.313843	4.7332764	40.748596
13050424	RAWMAG	-4.084778	-6.3934326	-85.34851	-37.313843	4.7332764	40.748596
13050522	RAWMAG	-3.7826538	-6.3949585	-85.34851	-37.313843	4.7332764	40.748596
13050620	RAWMAG	-3.6331177	-6.3964844	-85.34851	-37.313843	4.7332764	40.748596
13050717	RAWMAG	-3.6331177	-6.3964844	-85.34851	-37.313843	4.7332764	40.748596
13050815	RAWMAG	-3.6331177	-6.3964844	-85.34851	-37.313843	4.7332764	40.748596
13050913	RAWMAG	-3.6331177	-6.3964844	-85.34851	-37.313843	4.7332764	40.748596
13051011	RAWMAG	-3.6331177	-6.3964844	-85.34851	-37.313843	4.7332764	40.748596
13051109	RAWMAG	-3.6331177	-6.3964844	-85.34851	-37.313843	4.7332764	40.748596
13051207	RAWMAG	-3.6331177	-6.3964844	-85.34851	-37.313843	4.7332764	40.748596
13051304	RAWMAG	-3.3309937	-6.3964844	-85.346985	-37.313843	4.7332764	40.748596
13051402	RAWMAG	-3.3309937	-6.3964844	-85.346985	-37.313843	4.7332764	40.748596
13051500	RAWMAG	-3.3309937	-6.3964844	-85.346985	-37.313843	4.7332764	40.748596
13051598	RAWMAG	-3.3309937	-6.3964844	-85.346985	-37.313843	4.7332764	40.748596
13051696	RAWMAG	-3.3309937	-6.3964844	-85.346985	-37.313843	4.7332764	40.748596
13051794	RAWMAG	-3.3309937	-6.3964844	-85.346985	-37.313843	4.7332764	40.748596
13051891	RAWMAG	-3.3309937	-6.3964844	-85.346985	-37.313843	4.7332764	40.748596
13051989	RAWMAG	-3.3309937	-6.3964844	-85.346985	-37.313843	4.7332764	40.748596
