528050	RAWMAG	115.29846	-36.550903	-74.209595	0.0	0.0	0.0
528147	RAWMAG	115.29846	-36.550903	-74.209595	0.0	0.0	0.0
528245	RAWMAG	115.29846	-36.550903	-74.209595	0.0	0.0	0.0
528343	RAWMAG	115.29846	-36.550903	-74.209595	0.0	0.0	0.0
528441	RAWMAG	115.29846	-36.550903	-74.209595	0.0	0.0	0.0
528539	RAWMAG	115.29846	-36.550903	-74.209595	0.0	0.0	0.0
528637	RAWMAG	115.30151	-37.001038	-73.609924	0.0	0.0	0.0
528735	RAWMAG	115.904236	-37.306213	-73.60687	0.0	0.0	0.0
528832	RAWMAG	115.90576	-37.309265	-73.010254	0.0	0.0	0.0
528930	RAWMAG	115.90576	-37.309265	-73.010254	0.0	0.0	0.0
529028	RAWMAG	115.90576	-37.309265	-73.010254	0.0	0.0	0.0
529126	RAWMAG	115.90576	-37.309265	-73.010254	0.0	0.0	0.0
529224	RAWMAG	115.90576	-37.309265	-73.010254	0.0	0.0	0.0
529322	RAWMAG	115.90576	-37.309265	-73.010254	0.0	0.0	0.0
529420	RAWMAG	115.90576	-37.309265	-73.010254	0.0	0.0	0.0
529518	RAWMAG	115.90576	-37.309265	-73.010254	0.0	0.0	0.0
529616	RAWMAG	115.90576	-37.30774	-73.3078	0.0	0.0	0.0
529713	RAWMAG	115.904236	-37.306213	-73.60687	0.0	0.0	0.0
529811	RAWMAG	115.90271	-37.005615	-73.45886	0.0	0.0	0.0
529909	RAWMAG	115.90271	-37.00409	-73.6084	0.0	0.0	0.0
530007	RAWMAG	115.90271	-37.00409	-73.6084	0.0	0.0	0.0
530105	RAWMAG	115.90271	-37.00409	-73.6084	0.0	0.0	0.0
530203	RAWMAG	115.90271	-37.00409	-73.757935	0.0	0.0	0.0
530301	RAWMAG	115.90271	-37.00409	-73.757935	0.0	0.0	0.0
530399	RAWMAG	115.90271	-37.00409	-73.757935	0.0	0.0	0.0
530496	RAWMAG	115.904236	-37.306213	-73.75641	0.0	0.0	0.0
530594	RAWMAG	115.904236	-37.306213	-73.60687	0.0	0.0	0.0
530692	RAWMAG	115.904236	-37.306213	-73.60687	0.0	0.0	0.0
530790	RAWMAG	115.90576	-37.30774	-73.3078	0.0	0.0	0.0
530888	RAWMAG	115.90576	-37.30774	-73.3078	0.0	0.0	0.0
530986	RAWMAG	115.90576	-37.30774	-73.3078	0.0	0.0	0.0
531084	RAWMAG	115.756226	-37.30774	-73.3078	0.0	0.0	0.0
531182	RAWMAG	115.756226	-37.30774	-73.3078	0.0	0.0	0.0
531279	RAWMAG	115.4541	-37.306213	-73.309326	0.0	0.0	0.0
531377	RAWMAG	115.4541	-37.306213	-73.309326	0.0	0.0	0.0
531475	RAWMAG	115.4541	-37.306213	-73.309326	0.0	0.0	0.0
531573	RAWMAG	115.45563	-37.45575	-73.3078	0.0	0.0	0.0
531671	RAWMAG	115.45715	-37.756348	-73.3078	0.0	0.0	0.0
531769	RAWMAG	115.45563	-37.45575	-73.3078	0.0	0.0	0.0
531867	RAWMAG	115.45563	-37.45575	-73.3078	0.0	0.0	0.0
531964	RAWMAG	115.45563	-37.45575	-73.3078	0.0	0.0	0.0
532062	RAWMAG	115.45563	-37.45575	-73.3078	0.0	0.0	0.0
532160	RAWMAG	115.45563	-37.45575	-73.3078	0.0	0.0	0.0
532258	RAWMAG	115.45563	-37.45575	-73.3078	0.0	0.0	0.0
532356	RAWMAG	115.45563	-37.45575	-73.3078	0.0	0.0	0.0
532454	RAWMAG	115.45563	-37.45575	-73.3078	0.0	0.0	0.0
532552	RAWMAG	115.45563	-37.45575	-73.3078	0.0	0.0	0.0
532650	RAWMAG	115.45563	-37.45575	-73.3078	0.0	0.0	0.0
532748	RAWMAG	115.45563	-37.45575	-73.3078	0.0	0.0	0.0
532845	RAWMAG	115.45563	-37.45575	-73.3078	0.0	0.0	0.0
532943	RAWMAG	115.45563	-37.45575	-73.3078	0.0	0.0	0.0
533041	RAWMAG	115.45563	-37.45575	-73.3078	0.0	0.0	0.0
533139	RAWMAG	115.45563	-37.45575	-73.3078	0.0	0.0	0.0
533237	RAWMAG	115.75775	-37.457275	-73.306274	0.0	0.0	0.0
533335	RAWMAG	115.90729	-37.457275	-73.306274	0.0	0.0	0.0
533433	RAWMAG	116.35895	-37.460327	-72.857666	0.0	0.0	0.0
533531	RAWMAG	116.35895	-37.460327	-72.857666	0.0	0.0	0.0
533628	RAWMAG	116.36047	-37.461853	-72.70813	0.0	0.0	0.0
533726	RAWMAG	116.35895	-37.460327	-72.857666	0.0	0.0	0.0
533824	RAWMAG	116.35895	-37.460327	-72.857666	0.0	0.0	0.0
533922	RAWMAG	116.35895	-37.460327	-72.857666	0.0	0.0	0.0
534020	RAWMAG	116.35895	-37.460327	-72.857666	0.0	0.0	0.0
534118	RAWMAG	115.45563	-37.457275	-72.86072	0.0	0.0	0.0
534216	RAWMAG	114.40277	-37.452698	-72.86224	0.0	0.0	0.0
534313	RAWMAG	115.45563	-37.457275	-72.86072	0.0	0.0	0.0
534411	RAWMAG	115.75775	-37.4588	-72.85919	0.0	0.0	0.0
534509	RAWMAG	115.75775	-37.4588	-73.00873	0.0	0.0	0.0
534607	RAWMAG	115.756226	-37.30774	-73.3078	0.0	0.0	0.0
534705	RAWMAG	115.7547	-37.30774	-73.45734	0.0	0.0	0.0
534803	RAWMAG	115.7547	-37.30774	-73.45734	0.0	0.0	0.0
534901	RAWMAG	115.75775	-37.4588	-73.00873	0.0	0.0	0.0
534999	RAWMAG	115.90729	-37.4588	-73.00873	0.0	0.0	0.0
535096	RAWMAG	115.90729	-37.4588	-73.00873	0.0	0.0	0.0
535194	RAWMAG	115.90729	-37.4588	-73.00873	0.0	0.0	0.0
535292	RAWMAG	115.90729	-37.4588	-73.00873	0.0	0.0	0.0
535390	RAWMAG	115.90729	-37.4588	-73.00873	0.0	0.0	0.0
535488	RAWMAG	115.90729	-37.457275	-73.306274	0.0	0.0	0.0
535586	RAWMAG	115.90729	-37.457275	-73.306274	0.0	0.0	0.0
535684	RAWMAG	115.90729	-37.457275	-73.306274	0.0	0.0	0.0
535782	RAWMAG	115.90576	-37.457275	-73.45581	0.0	0.0	0.0
535879	RAWMAG	115.4541	-37.45575	-73.45734	0.0	0.0	0.0
535977	RAWMAG	115.4541	-37.45575	-73.45734	0.0	0.0	0.0
536075	RAWMAG	115.4541	-37.45575	-73.45734	0.0	0.0	0.0
536173	RAWMAG	115.4541	-37.45575	-73.45734	0.0	0.0	0.0
536271	RAWMAG	115.45105	-37.00409	-73.46039	0.0	0.0	0.0
536369	RAWMAG	115.45105	-37.00409	-73.46039	0.0	0.0	0.0
536467	RAWMAG	115.45105	-36.854553	-73.46039	0.0	0.0	0.0
536565	RAWMAG	115.45105	-36.854553	-73.46039	0.0	0.0	0.0
536663	RAWMAG	115.452576	-36.85608	-73.013306	0.0	0.0	0.0
536760	RAWMAG	115.4541	-37.00714	-72.71423	0.0	0.0	0.0
536858	RAWMAG	115.756226	-37.008667	-72.71271	0.0	0.0	0.0
536956	RAWMAG	115.756226	-37.008667	-72.71271	0.0	0.0	0.0
537054	RAWMAG	115.75775	-37.31079	-72.71118	0.0	0.0	0.0
537152	RAWMAG	115.90729	-37.31079	-72.71118	0.0	0.0	0.0
537250	RAWMAG	115.90881	-37.460327	-72.709656	0.0	0.0	0.0
537348	RAWMAG	115.75928	-37.460327	-72.709656	0.0	0.0	0.0
537446	RAWMAG	115.75775	-37.4588	-72.85919	0.0	0.0	0.0
537543	RAWMAG	115.756226	-37.457275	-73.45581	0.0	0.0	0.0
537641	RAWMAG	115.75775	-37.457275	-73.306274	0.0	0.0	0.0
537739	RAWMAG	115.756226	-37.457275	-73.45581	0.0	0.0	0.0
537837	RAWMAG	115.7547	-37.30774	-73.45734	0.0	0.0	0.0
537935	RAWMAG	115.7547	-37.30774	-73.45734	0.0	0.0	0.0
538033	RAWMAG	115.7547	-37.30774	-73.45734	0.0	0.0	0.0
538131	RAWMAG	116.20636	-37.309265	-73.45734	0.0	0.0	0.0
538229	RAWMAG	115.90271	-37.005615	-73.45886	0.0	0.0	0.0
538326	RAWMAG	115.90271	-37.005615	-73.45886	0.0	0.0	0.0
538424	RAWMAG	115.90271	-37.005615	-73.45886	0.0	0.0	0.0
