3488574	RAWMAG	-63.50403	-2.1881104	-58.340454	0.0	0.0	0.0
3488672	RAWMAG	-63.50708	-1.4373779	-58.343506	0.0	0.0	0.0
3488770	RAWMAG	-63.51013	-0.8377075	-58.346558	0.0	0.0	0.0
3488868	RAWMAG	-63.80768	-1.435852	-58.343506	0.0	0.0	0.0
3488966	RAWMAG	-64.10675	-1.5838623	-58.34503	0.0	0.0	0.0
3489064	RAWMAG	-65.01007	-1.5792847	-58.494568	0.0	0.0	0.0
3489162	RAWMAG	-65.01007	-1.5777588	-58.644104	0.0	0.0	0.0
3489260	RAWMAG	-65.16113	-1.574707	-59.39026	0.0	0.0	0.0
3489357	RAWMAG	-65.46326	-1.574707	-59.24225	0.0	0.0	0.0
3489455	RAWMAG	-66.06598	-1.5701294	-59.39331	0.0	0.0	0.0
3489553	RAWMAG	-65.91492	-1.5731812	-59.24225	0.0	0.0	0.0
3489651	RAWMAG	-65.91492	-1.5731812	-59.24225	0.0	0.0	0.0
3489749	RAWMAG	-65.91492	-1.5731812	-59.24225	0.0	0.0	0.0
3489847	RAWMAG	-65.91492	-1.5731812	-59.24225	0.0	0.0	0.0
3489945	RAWMAG	-65.91492	-1.5731812	-59.24225	0.0	0.0	0.0
3490042	RAWMAG	-65.91492	-1.5731812	-59.24225	0.0	0.0	0.0
3490140	RAWMAG	-65.91492	-1.5716553	-59.391785	0.0	0.0	0.0
3490238	RAWMAG	-65.91492	-1.5716553	-59.391785	0.0	0.0	0.0
3490336	RAWMAG	-65.91492	-1.5716553	-59.391785	0.0	0.0	0.0
3490434	RAWMAG	-65.91492	-1.5731812	-59.24225	0.0	0.0	0.0
3490532	RAWMAG	-65.61279	-1.574707	-59.24225	0.0	0.0	0.0
3490630	RAWMAG	-65.61279	-1.5731812	-59.391785	0.0	0.0	0.0
3490727	RAWMAG	-63.50708	-1.5823364	-59.387207	0.0	0.0	0.0
3490825	RAWMAG	-64.10828	-1.5792847	-59.388733	0.0	0.0	0.0
3490923	RAWMAG	-64.55994	-1.5777588	-59.388733	0.0	0.0	0.0
3491021	RAWMAG	-64.55994	-1.5777588	-59.388733	0.0	0.0	0.0
3491119	RAWMAG	-64.55994	-1.5777588	-59.388733	0.0	0.0	0.0
3491217	RAWMAG	-64.55994	-1.5777588	-59.388733	0.0	0.0	0.0
3491315	RAWMAG	-64.56146	-1.5777588	-59.53827	0.0	0.0	0.0
3491413	RAWMAG	-64.56146	-1.5777588	-59.53827	0.0	0.0	0.0
3491510	RAWMAG	-64.56146	-1.5777588	-59.53827	0.0	0.0	0.0
3491608	RAWMAG	-64.56146	-1.8798828	-59.536743	0.0	0.0	0.0
3491706	RAWMAG	-64.55841	-2.330017	-59.535217	0.0	0.0	0.0
3491804	RAWMAG	-64.556885	-2.7816772	-59.53369	0.0	0.0	0.0
3491902	RAWMAG	-64.70795	-2.3284912	-59.536743	0.0	0.0	0.0
3492000	RAWMAG	-64.70184	-3.68042	-59.53064	0.0	0.0	0.0
3492098	RAWMAG	-64.70032	-3.831482	-59.381104	0.0	0.0	0.0
3492196	RAWMAG	-65.00397	-3.527832	-59.38263	0.0	0.0	0.0
3492293	RAWMAG	-65.45563	-3.6773682	-59.532166	0.0	0.0	0.0
3492391	RAWMAG	-65.90576	-4.1259766	-59.53064	0.0	0.0	0.0
3492489	RAWMAG	-66.05682	-4.2755127	-59.532166	0.0	0.0	0.0
3492587	RAWMAG	-66.65802	-4.273987	-59.53369	0.0	0.0	0.0
3492685	RAWMAG	-66.50391	-5.1757812	-59.6756	0.0	0.0	0.0
3492783	RAWMAG	-66.50391	-5.3237915	-59.97467	0.0	0.0	0.0
3492881	RAWMAG	-66.65192	-5.7724	-60.273743	0.0	0.0	0.0
3492978	RAWMAG	-66.95404	-5.769348	-60.42328	0.0	0.0	0.0
3493076	RAWMAG	-66.95404	-5.769348	-60.42328	0.0	0.0	0.0
3493174	RAWMAG	-66.95404	-5.9188843	-60.421753	0.0	0.0	0.0
3493272	RAWMAG	-66.95404	-5.9188843	-60.421753	0.0	0.0	0.0
3493370	RAWMAG	-66.95557	-5.7678223	-60.87036	0.0	0.0	0.0
3493468	RAWMAG	-66.65344	-5.769348	-61.019897	0.0	0.0	0.0
3493566	RAWMAG	-66.65344	-5.769348	-61.019897	0.0	0.0	0.0
3493664	RAWMAG	-66.65344	-5.769348	-61.019897	0.0	0.0	0.0
3493761	RAWMAG	-66.65344	-5.769348	-61.019897	0.0	0.0	0.0
3493859	RAWMAG	-66.65344	-5.769348	-61.019897	0.0	0.0	0.0
3493957	RAWMAG	-66.65497	-5.46875	-61.019897	0.0	0.0	0.0
3494055	RAWMAG	-66.65497	-5.46875	-61.019897	0.0	0.0	0.0
3494153	RAWMAG	-66.50543	-5.46875	-61.01837	0.0	0.0	0.0
3494251	RAWMAG	-66.50543	-5.46875	-61.01837	0.0	0.0	0.0
3494349	RAWMAG	-65.90271	-5.4718018	-60.86731	0.0	0.0	0.0
3494446	RAWMAG	-66.50543	-5.46875	-60.868835	0.0	0.0	0.0
3494544	RAWMAG	-66.50543	-5.46875	-60.868835	0.0	0.0	0.0
3494642	RAWMAG	-66.65497	-5.46875	-60.87036	0.0	0.0	0.0
3494740	RAWMAG	-66.65497	-5.46875	-60.87036	0.0	0.0	0.0
3494838	RAWMAG	-66.65497	-5.46875	-60.87036	0.0	0.0	0.0
3494936	RAWMAG	-66.65497	-5.46875	-60.87036	0.0	0.0	0.0
3495034	RAWMAG	-66.65497	-5.46875	-60.87036	0.0	0.0	0.0
3495132	RAWMAG	-66.65497	-5.46875	-60.87036	0.0	0.0	0.0
3495229	RAWMAG	-66.50543	-5.46875	-60.868835	0.0	0.0	0.0
3495327	RAWMAG	-66.50543	-5.46875	-60.868835	0.0	0.0	0.0
3495425	RAWMAG	-66.50543	-5.46875	-60.868835	0.0	0.0	0.0
3495523	RAWMAG	-66.352844	-5.470276	-60.7193	0.0	0.0	0.0
3495621	RAWMAG	-65.89966	-5.773926	-60.420227	0.0	0.0	0.0
3495719	RAWMAG	-65.597534	-5.924988	-60.4187	0.0	0.0	0.0
3495817	RAWMAG	-64.69269	-6.0791016	-60.71472	0.0	0.0	0.0
3495914	RAWMAG	-63.63983	-6.083679	-60.71167	0.0	0.0	0.0
3496012	RAWMAG	-63.18817	-6.236267	-60.41107	0.0	0.0	0.0
3496110	RAWMAG	-62.734985	-6.539917	-60.261536	0.0	0.0	0.0
3496208	RAWMAG	-61.679077	-6.994629	-60.255432	0.0	0.0	0.0
3496306	RAWMAG	-61.827087	-8.044434	-60.25238	0.0	0.0	0.0
3496404	RAWMAG	-61.376953	-7.748413	-60.102844	0.0	0.0	0.0
3496502	RAWMAG	-61.073303	-7.751465	-59.951782	0.0	0.0	0.0
3496599	RAWMAG	-60.168457	-7.7575684	-59.2041	0.0	0.0	0.0
3496697	RAWMAG	-59.716797	-7.76062	-58.753967	0.0	0.0	0.0
3496795	RAWMAG	-59.716797	-7.76062	-58.753967	0.0	0.0	0.0
3496893	RAWMAG	-59.417725	-7.461548	-58.755493	0.0	0.0	0.0
3496991	RAWMAG	-58.81653	-7.4645996	-58.753967	0.0	0.0	0.0
3497089	RAWMAG	-58.66394	-7.4645996	-58.753967	0.0	0.0	0.0
3497187	RAWMAG	-58.813477	-7.6141357	-58.605957	0.0	0.0	0.0
3497285	RAWMAG	-58.36029	-7.6156616	-58.60443	0.0	0.0	0.0
3497382	RAWMAG	-58.81653	-7.4645996	-58.753967	0.0	0.0	0.0
3497480	RAWMAG	-58.815002	-7.7651978	-58.75244	0.0	0.0	0.0
3497578	RAWMAG	-58.815002	-7.7651978	-58.75244	0.0	0.0	0.0
3497676	RAWMAG	-58.813477	-7.6156616	-58.30841	0.0	0.0	0.0
3497774	RAWMAG	-58.815002	-7.3165894	-58.309937	0.0	0.0	0.0
3497872	RAWMAG	-58.815002	-7.3165894	-58.309937	0.0	0.0	0.0
3497970	RAWMAG	-58.81653	-6.864929	-58.311462	0.0	0.0	0.0
3498067	RAWMAG	-58.81653	-6.864929	-58.311462	0.0	0.0	0.0
3498165	RAWMAG	-58.81653	-6.864929	-58.311462	0.0	0.0	0.0
3498263	RAWMAG	-58.81653	-6.864929	-58.311462	0.0	0.0	0.0
3498361	RAWMAG	-58.818054	-6.715393	-58.311462	0.0	0.0	0.0
3498459	RAWMAG	-58.818054	-6.715393	-58.459473	0.0	0.0	0.0
3498557	RAWMAG	-58.818054	-6.8618774	-59.205627	0.0	0.0	0.0
3498655	RAWMAG	-58.81958	-6.8603516	-59.65271	0.0	0.0	0.0
3498753	RAWMAG	-58.818054	-6.8603516	-59.355164	0.0	0.0	0.0
3498850	RAWMAG	-58.665466	-6.8603516	-59.355164	0.0	0.0	0.0
3498948	RAWMAG	-58.665466	-7.0098877	-59.353638	0.0	0.0	0.0
3499046	RAWMAG	-58.665466	-7.0098877	-59.353638	0.0	0.0	0.0
3499144	RAWMAG	-58.665466	-7.0098877	-59.353638	0.0	0.0	0.0
3499242	RAWMAG	-58.665466	-7.0098877	-59.353638	0.0	0.0	0.0
3499340	RAWMAG	-58.36487	-6.8634033	-59.054565	0.0	0.0	0.0
3499438	RAWMAG	-58.36487	-6.8634033	-59.054565	0.0	0.0	0.0
3499536	RAWMAG	-58.363342	-6.866455	-58.309937	0.0	0.0	0.0
3499633	RAWMAG	-58.361816	-6.869507	-57.711792	0.0	0.0	0.0
3499731	RAWMAG	-58.21228	-6.867981	-58.309937	0.0	0.0	0.0
3499829	RAWMAG	-57.458496	-6.8725586	-57.859802	0.0	0.0	0.0
3499927	RAWMAG	-57.458496	-6.8725586	-57.859802	0.0	0.0	0.0
3500025	RAWMAG	-57.458496	-6.8725586	-57.859802	0.0	0.0	0.0
3500123	RAWMAG	-57.458496	-6.8725586	-57.859802	0.0	0.0	0.0
3500221	RAWMAG	-57.458496	-6.8725586	-57.859802	0.0	0.0	0.0
3500318	RAWMAG	-57.458496	-6.8725586	-57.859802	0.0	0.0	0.0
3500416	RAWMAG	-57.458496	-6.8725586	-58.00934	0.0	0.0	0.0
3500514	RAWMAG	-57.458496	-6.8725586	-58.00934	0.0	0.0	0.0
3500612	RAWMAG	-57.458496	-7.0220947	-58.007812	0.0	0.0	0.0
3500710	RAWMAG	-57.307434	-7.473755	-58.006287	0.0	0.0	0.0
3500808	RAWMAG	-56.854248	-7.777405	-58.003235	0.0	0.0	0.0
3500906	RAWMAG	-56.55365	-7.3272705	-58.00476	0.0	0.0	0.0
3501004	RAWMAG	-54.44336	-8.087158	-57.99713	0.0	0.0	0.0
3501101	RAWMAG	-54.59442	-8.085632	-57.99713	0.0	0.0	0.0
3501199	RAWMAG	-54.89502	-8.084106	-57.998657	0.0	0.0	0.0
3501297	RAWMAG	-54.89502	-8.084106	-57.998657	0.0	0.0	0.0
3501395	RAWMAG	-54.89502	-8.084106	-57.998657	0.0	0.0	0.0
3501493	RAWMAG	-54.89502	-8.084106	-57.998657	0.0	0.0	0.0
3501591	RAWMAG	-54.89502	-8.084106	-57.998657	0.0	0.0	0.0
3501689	RAWMAG	-54.59442	-8.085632	-57.99713	0.0	0.0	0.0
3501787	RAWMAG	-54.59442	-8.085632	-57.99713	0.0	0.0	0.0
3501884	RAWMAG	-54.59442	-8.085632	-57.99713	0.0	0.0	0.0
3501982	RAWMAG	-54.595947	-8.084106	-58.296204	0.0	0.0	0.0
3502080	RAWMAG	-53.993225	-8.087158	-58.296204	0.0	0.0	0.0
3502178	RAWMAG	-52.94037	-8.091736	-58.29315	0.0	0.0	0.0
3502276	RAWMAG	-52.94037	-8.091736	-58.29315	0.0	0.0	0.0
3502374	RAWMAG	-52.94037	-8.091736	-58.29315	0.0	0.0	0.0
3502472	RAWMAG	-52.94037	-8.091736	-58.29315	0.0	0.0	0.0
3502569	RAWMAG	-52.94037	-8.091736	-58.29315	0.0	0.0	0.0
3502667	RAWMAG	-52.94037	-8.091736	-58.29315	0.0	0.0	0.0
3502765	RAWMAG	-52.94037	-8.091736	-58.29315	0.0	0.0	0.0
3502863	RAWMAG	-52.94037	-8.091736	-58.29315	0.0	0.0	0.0
3502961	RAWMAG	-52.938843	-8.093262	-57.99408	0.0	0.0	0.0
3503059	RAWMAG	-52.63672	-8.094788	-57.99408	0.0	0.0	0.0
3503157	RAWMAG	-52.035522	-8.096313	-57.992554	0.0	0.0	0.0
3503255	RAWMAG	-52.035522	-8.096313	-57.843018	0.0	0.0	0.0
3503352	RAWMAG	-51.7334	-8.097839	-57.84149	0.0	0.0	0.0
3503450	RAWMAG	-51.7334	-8.097839	-57.84149	0.0	0.0	0.0
3503548	RAWMAG	-50.98114	-8.100891	-57.839966	0.0	0.0	0.0
3503646	RAWMAG	-50.979614	-8.253479	-57.83844	0.0	0.0	0.0
3503744	RAWMAG	-50.527954	-8.406067	-57.836914	0.0	0.0	0.0
3503842	RAWMAG	-49.32251	-8.560181	-57.833862	0.0	0.0	0.0
3503940	RAWMAG	-49.624634	-8.2595825	-57.83539	0.0	0.0	0.0
3504038	RAWMAG	-49.77417	-8.2595825	-57.83539	0.0	0.0	0.0
3504135	RAWMAG	-49.77417	-8.409119	-57.83539	0.0	0.0	0.0
3504233	RAWMAG	-49.775696	-8.106995	-57.836914	0.0	0.0	0.0
3504331	RAWMAG	-49.77417	-8.261108	-57.685852	0.0	0.0	0.0
3504429	RAWMAG	-49.77417	-8.410645	-57.536316	0.0	0.0	0.0
3504527	RAWMAG	-49.77417	-8.560181	-57.53479	0.0	0.0	0.0
3504625	RAWMAG	-49.77417	-8.560181	-57.53479	0.0	0.0	0.0
3504723	RAWMAG	-49.772644	-8.860779	-57.533264	0.0	0.0	0.0
3504820	RAWMAG	-49.623108	-8.860779	-57.533264	0.0	0.0	0.0
3504918	RAWMAG	-49.623108	-8.860779	-57.533264	0.0	0.0	0.0
3505016	RAWMAG	-49.16992	-9.162903	-57.53174	0.0	0.0	0.0
3505114	RAWMAG	-48.5672	-9.164429	-57.530212	0.0	0.0	0.0
3505212	RAWMAG	-47.81494	-9.169006	-57.528687	0.0	0.0	0.0
3505310	RAWMAG	-47.21222	-9.169006	-57.97577	0.0	0.0	0.0
3505408	RAWMAG	-46.463013	-9.170532	-58.273315	0.0	0.0	0.0
3505506	RAWMAG	-47.21222	-9.3185425	-58.273315	0.0	0.0	0.0
3505603	RAWMAG	-47.361755	-9.768677	-58.57086	0.0	0.0	0.0
3505701	RAWMAG	-47.36328	-9.767151	-59.017944	0.0	0.0	0.0
3505799	RAWMAG	-47.36328	-9.768677	-58.718872	0.0	0.0	0.0
3505897	RAWMAG	-47.36328	-9.768677	-58.718872	0.0	0.0	0.0
3505995	RAWMAG	-47.36328	-9.768677	-58.718872	0.0	0.0	0.0
3506093	RAWMAG	-47.361755	-9.768677	-58.57086	0.0	0.0	0.0
3506191	RAWMAG	-47.361755	-9.768677	-58.57086	0.0	0.0	0.0
3506288	RAWMAG	-47.361755	-9.768677	-58.57086	0.0	0.0	0.0
3506386	RAWMAG	-47.361755	-9.768677	-58.57086	0.0	0.0	0.0
3506484	RAWMAG	-47.36023	-9.7717285	-57.974243	0.0	0.0	0.0
3506582	RAWMAG	-47.361755	-9.770203	-58.273315	0.0	0.0	0.0
3506680	RAWMAG	-47.361755	-9.919739	-58.421326	0.0	0.0	0.0
3506778	RAWMAG	-47.358704	-10.520935	-58.418274	0.0	0.0	0.0
3506876	RAWMAG	-47.354126	-11.421204	-58.415222	0.0	0.0	0.0
3506974	RAWMAG	-47.357178	-10.821533	-58.416748	0.0	0.0	0.0
3507071	RAWMAG	-47.357178	-10.821533	-58.416748	0.0	0.0	0.0
3507169	RAWMAG	-47.35565	-11.11908	-58.56476	0.0	0.0	0.0
3507267	RAWMAG	-46.455383	-11.120605	-59.00879	0.0	0.0	0.0
3507365	RAWMAG	-46.754456	-11.2716675	-59.15985	0.0	0.0	0.0
3507463	RAWMAG	-46.75293	-11.419678	-59.309387	0.0	0.0	0.0
3507561	RAWMAG	-46.458435	-11.413574	-60.80017	0.0	0.0	0.0
3507659	RAWMAG	-46.003723	-11.418152	-60.35309	0.0	0.0	0.0
3507757	RAWMAG	-46.003723	-11.721802	-60.202026	0.0	0.0	0.0
3507854	RAWMAG	-45.85266	-11.419678	-60.202026	0.0	0.0	0.0
3507952	RAWMAG	-46.003723	-11.720276	-60.351562	0.0	0.0	0.0
3508050	RAWMAG	-46.002197	-12.020874	-60.2005	0.0	0.0	0.0
3508148	RAWMAG	-46.302795	-12.019348	-60.2005	0.0	0.0	0.0
3508246	RAWMAG	-46.302795	-12.017822	-60.350037	0.0	0.0	0.0
3508344	RAWMAG	-46.00067	-12.17041	-60.350037	0.0	0.0	0.0
3508442	RAWMAG	-45.99762	-12.771606	-60.346985	0.0	0.0	0.0
3508539	RAWMAG	-46.00067	-12.467957	-60.795593	0.0	0.0	0.0
3508637	RAWMAG	-45.999146	-13.067627	-61.090088	0.0	0.0	0.0
3508735	RAWMAG	-46.00067	-13.067627	-61.38916	0.0	0.0	0.0
3508833	RAWMAG	-45.7016	-13.066101	-62.13379	0.0	0.0	0.0
3508931	RAWMAG	-44.79828	-13.069153	-62.132263	0.0	0.0	0.0
3509029	RAWMAG	-44.94934	-13.069153	-62.132263	0.0	0.0	0.0
3509127	RAWMAG	-44.94934	-13.067627	-62.2818	0.0	0.0	0.0
3509225	RAWMAG	-44.94934	-12.918091	-62.283325	0.0	0.0	0.0
3509322	RAWMAG	-44.94934	-12.918091	-62.43286	0.0	0.0	0.0
3509420	RAWMAG	-44.79828	-12.918091	-62.43286	0.0	0.0	0.0
3509518	RAWMAG	-44.79828	-12.916565	-62.58087	0.0	0.0	0.0
3509616	RAWMAG	-44.799805	-12.915039	-63.179016	0.0	0.0	0.0
3509714	RAWMAG	-44.799805	-12.915039	-63.179016	0.0	0.0	0.0
3509812	RAWMAG	-44.348145	-12.916565	-63.17749	0.0	0.0	0.0
3509910	RAWMAG	-44.047546	-13.217163	-63.3255	0.0	0.0	0.0
3510007	RAWMAG	-43.444824	-13.220215	-63.471985	0.0	0.0	0.0
3510105	RAWMAG	-42.089844	-13.522339	-64.064026	0.0	0.0	0.0
3510203	RAWMAG	-42.391968	-13.519287	-64.66217	0.0	0.0	0.0
3510301	RAWMAG	-42.09137	-13.520813	-64.66217	0.0	0.0	0.0
3510399	RAWMAG	-41.941833	-13.671875	-64.660645	0.0	0.0	0.0
3510497	RAWMAG	-41.638184	-13.973999	-64.65912	0.0	0.0	0.0
3510595	RAWMAG	-41.48712	-14.425659	-64.65759	0.0	0.0	0.0
3510693	RAWMAG	-41.485596	-14.575195	-64.65607	0.0	0.0	0.0
3510790	RAWMAG	-41.48712	-14.276123	-64.65759	0.0	0.0	0.0
3510888	RAWMAG	-41.18347	-14.727783	-64.65454	0.0	0.0	0.0
3510986	RAWMAG	-40.429688	-14.730835	-64.653015	0.0	0.0	0.0
3511084	RAWMAG	-39.979553	-14.730835	-64.95056	0.0	0.0	0.0
3511182	RAWMAG	-39.979553	-14.730835	-64.95056	0.0	0.0	0.0
3511280	RAWMAG	-39.979553	-14.730835	-64.95056	0.0	0.0	0.0
3511378	RAWMAG	-39.22882	-14.732361	-65.39612	0.0	0.0	0.0
3511475	RAWMAG	-39.22882	-14.730835	-65.69519	0.0	0.0	0.0
3511573	RAWMAG	-39.07776	-14.732361	-65.69519	0.0	0.0	0.0
3511671	RAWMAG	-39.076233	-15.032959	-65.693665	0.0	0.0	0.0
3511769	RAWMAG	-39.076233	-15.032959	-65.693665	0.0	0.0	0.0
3511867	RAWMAG	-39.076233	-15.184021	-65.693665	0.0	0.0	0.0
3511965	RAWMAG	-39.07318	-15.783691	-65.69061	0.0	0.0	0.0
3512063	RAWMAG	-39.07318	-15.783691	-65.69061	0.0	0.0	0.0
3512161	RAWMAG	-39.07318	-15.783691	-65.69061	0.0	0.0	0.0
3512258	RAWMAG	-39.07318	-15.783691	-65.69061	0.0	0.0	0.0
3512356	RAWMAG	-38.771057	-15.783691	-65.69061	0.0	0.0	0.0
3512454	RAWMAG	-38.772583	-15.782166	-65.98816	0.0	0.0	0.0
3512552	RAWMAG	-38.623047	-15.783691	-66.137695	0.0	0.0	0.0
3512650	RAWMAG	-37.719727	-15.786743	-66.13617	0.0	0.0	0.0
3512748	RAWMAG	-37.719727	-15.785217	-66.28418	0.0	0.0	0.0
3512846	RAWMAG	-37.721252	-15.782166	-67.030334	0.0	0.0	0.0
3512943	RAWMAG	-37.574768	-15.78064	-68.07556	0.0	0.0	0.0
3513041	RAWMAG	-37.27112	-15.782166	-67.77496	0.0	0.0	0.0
3513139	RAWMAG	-37.121582	-15.783691	-67.62695	0.0	0.0	0.0
3513237	RAWMAG	-36.819458	-15.785217	-67.62695	0.0	0.0	0.0
3513335	RAWMAG	-36.819458	-15.783691	-67.77496	0.0	0.0	0.0
3513433	RAWMAG	-36.819458	-15.783691	-67.77496	0.0	0.0	0.0
3513531	RAWMAG	-35.61554	-15.789795	-67.77191	0.0	0.0	0.0
3513629	RAWMAG	-34.410095	-15.794373	-67.76886	0.0	0.0	0.0
3513726	RAWMAG	-34.26056	-15.794373	-67.76886	0.0	0.0	0.0
3513824	RAWMAG	-35.165405	-15.791321	-67.91992	0.0	0.0	0.0
3513922	RAWMAG	-35.313416	-15.940857	-67.92145	0.0	0.0	0.0
3514020	RAWMAG	-34.861755	-16.244507	-67.918396	0.0	0.0	0.0
3514118	RAWMAG	-34.861755	-16.242981	-68.36548	0.0	0.0	0.0
3514216	RAWMAG	-34.71222	-16.688538	-69.25812	0.0	0.0	0.0
3514314	RAWMAG	-34.71527	-16.833496	-70.60242	0.0	0.0	0.0
3514412	RAWMAG	-34.713745	-16.983032	-70.89996	0.0	0.0	0.0
3514509	RAWMAG	-34.71527	-16.68396	-70.60242	0.0	0.0	0.0
3514607	RAWMAG	-34.71527	-16.680908	-71.0495	0.0	0.0	0.0
3514705	RAWMAG	-34.716797	-16.680908	-71.199036	0.0	0.0	0.0
3514803	RAWMAG	-34.718323	-16.677856	-71.94519	0.0	0.0	0.0
3514901	RAWMAG	-34.4162	-16.677856	-72.39075	0.0	0.0	0.0
3514999	RAWMAG	-33.96454	-16.828918	-72.239685	0.0	0.0	0.0
3515097	RAWMAG	-33.815002	-16.830444	-72.239685	0.0	0.0	0.0
3515194	RAWMAG	-33.815002	-16.830444	-72.239685	0.0	0.0	0.0
3515292	RAWMAG	-32.307434	-16.98761	-72.38617	0.0	0.0	0.0
3515390	RAWMAG	-32.006836	-17.289734	-72.38464	0.0	0.0	0.0
3515488	RAWMAG	-32.460022	-16.836548	-72.38617	0.0	0.0	0.0
3515586	RAWMAG	-32.30591	-17.58728	-72.38312	0.0	0.0	0.0
3515684	RAWMAG	-32.003784	-17.739868	-72.38312	0.0	0.0	0.0
3515782	RAWMAG	-32.302856	-18.190002	-72.380066	0.0	0.0	0.0
3515880	RAWMAG	-32.000732	-18.341064	-72.380066	0.0	0.0	0.0
3515977	RAWMAG	-31.84967	-18.341064	-72.37854	0.0	0.0	0.0
3516075	RAWMAG	-31.84967	-18.341064	-72.37854	0.0	0.0	0.0
3516173	RAWMAG	-31.550598	-18.341064	-72.528076	0.0	0.0	0.0
3516271	RAWMAG	-31.399536	-18.34259	-72.67761	0.0	0.0	0.0
3516369	RAWMAG	-30.947876	-18.344116	-72.67609	0.0	0.0	0.0
3516467	RAWMAG	-30.947876	-18.34259	-72.97516	0.0	0.0	0.0
3516565	RAWMAG	-30.648804	-18.19458	-72.97363	0.0	0.0	0.0
3516662	RAWMAG	-30.499268	-17.744446	-72.67761	0.0	0.0	0.0
3516760	RAWMAG	-30.352783	-17.295837	-72.67914	0.0	0.0	0.0
3516858	RAWMAG	-30.50232	-17.294312	-72.67914	0.0	0.0	0.0
3516956	RAWMAG	-30.50232	-17.294312	-72.67914	0.0	0.0	0.0
3517054	RAWMAG	-30.50232	-17.294312	-72.67914	0.0	0.0	0.0
3517152	RAWMAG	-30.50232	-16.993713	-72.680664	0.0	0.0	0.0
3517250	RAWMAG	-30.05066	-16.996765	-72.680664	0.0	0.0	0.0
3517348	RAWMAG	-29.901123	-16.996765	-72.67914	0.0	0.0	0.0
3517445	RAWMAG	-29.600525	-17.29889	-72.67761	0.0	0.0	0.0
3517543	RAWMAG	-29.449463	-17.29889	-72.67761	0.0	0.0	0.0
3517641	RAWMAG	-29.449463	-16.998291	-72.67914	0.0	0.0	0.0
3517739	RAWMAG	-29.450989	-16.847229	-72.67914	0.0	0.0	0.0
3517837	RAWMAG	-28.546143	-16.851807	-72.67609	0.0	0.0	0.0
3517935	RAWMAG	-28.546143	-16.851807	-72.67609	0.0	0.0	0.0
3518033	RAWMAG	-27.944946	-16.854858	-72.67456	0.0	0.0	0.0
3518131	RAWMAG	-28.096008	-16.853333	-72.67609	0.0	0.0	0.0
3518228	RAWMAG	-28.096008	-16.703796	-72.67609	0.0	0.0	0.0
3518326	RAWMAG	-28.096008	-16.70227	-72.97516	0.0	0.0	0.0
3518424	RAWMAG	-28.096008	-16.70227	-73.12317	0.0	0.0	0.0
3518522	RAWMAG	-28.096008	-16.70227	-73.12317	0.0	0.0	0.0
3518620	RAWMAG	-28.097534	-16.699219	-73.71979	0.0	0.0	0.0
3518718	RAWMAG	-28.097534	-16.700745	-73.272705	0.0	0.0	0.0
3518816	RAWMAG	-28.097534	-16.699219	-73.71979	0.0	0.0	0.0
3518913	RAWMAG	-28.097534	-16.699219	-73.71979	0.0	0.0	0.0
3519011	RAWMAG	-27.645874	-17.30194	-73.86627	0.0	0.0	0.0
3519109	RAWMAG	-27.194214	-17.303467	-74.01428	0.0	0.0	0.0
3519207	RAWMAG	-26.591492	-17.454529	-74.01123	0.0	0.0	0.0
3519305	RAWMAG	-24.331665	-17.46521	-74.00665	0.0	0.0	0.0
3519403	RAWMAG	-23.730469	-17.468262	-74.00513	0.0	0.0	0.0
3519501	RAWMAG	-21.772766	-17.475891	-74.00055	0.0	0.0	0.0
3519599	RAWMAG	-23.280334	-17.468262	-74.45221	0.0	0.0	0.0
3519696	RAWMAG	-23.280334	-17.466736	-74.90082	0.0	0.0	0.0
3519794	RAWMAG	-23.280334	-17.466736	-75.04883	0.0	0.0	0.0
3519892	RAWMAG	-22.831726	-17.46521	-75.79498	0.0	0.0	0.0
3519990	RAWMAG	-22.381592	-17.46521	-76.53961	0.0	0.0	0.0
3520088	RAWMAG	-21.929932	-17.463684	-76.986694	0.0	0.0	0.0
3520186	RAWMAG	-21.92688	-17.91687	-76.23749	0.0	0.0	0.0
3520284	RAWMAG	-21.473694	-18.222046	-76.08795	0.0	0.0	0.0
3520381	RAWMAG	-20.417786	-18.37616	-76.0849	0.0	0.0	0.0
3520479	RAWMAG	-20.41626	-19.125366	-76.52893	0.0	0.0	0.0
3520577	RAWMAG	-19.51294	-19.128418	-76.82648	0.0	0.0	0.0
3520675	RAWMAG	-19.363403	-19.128418	-76.82495	0.0	0.0	0.0
3520773	RAWMAG	-19.815063	-19.126892	-76.82648	0.0	0.0	0.0
3520871	RAWMAG	-19.51294	-19.126892	-76.97601	0.0	0.0	0.0
3520969	RAWMAG	-18.461609	-19.129944	-77.27051	0.0	0.0	0.0
3521067	RAWMAG	-17.860413	-19.13147	-77.86713	0.0	0.0	0.0
3521164	RAWMAG	-17.410278	-19.128418	-78.76282	0.0	0.0	0.0
3521262	RAWMAG	-17.111206	-19.126892	-79.65546	0.0	0.0	0.0
3521360	RAWMAG	-16.659546	-19.125366	-80.252075	0.0	0.0	0.0
3521458	RAWMAG	-16.508484	-19.128418	-79.504395	0.0	0.0	0.0
3521556	RAWMAG	-14.701843	-19.1391	-79.35181	0.0	0.0	0.0
3521654	RAWMAG	-15.003967	-19.137573	-79.35333	0.0	0.0	0.0
3521752	RAWMAG	-15.153503	-19.28711	-79.35333	0.0	0.0	0.0
3521849	RAWMAG	-14.550781	-19.290161	-79.200745	0.0	0.0	0.0
3521947	RAWMAG	-14.251709	-19.291687	-79.200745	0.0	0.0	0.0
3522045	RAWMAG	-14.099121	-19.291687	-79.200745	0.0	0.0	0.0
3522143	RAWMAG	-13.645935	-19.296265	-78.90167	0.0	0.0	0.0
3522241	RAWMAG	-13.194275	-19.299316	-78.601074	0.0	0.0	0.0
3522339	RAWMAG	-13.194275	-19.148254	-78.601074	0.0	0.0	0.0
3522437	RAWMAG	-11.688232	-19.15741	-77.85339	0.0	0.0	0.0
3522535	RAWMAG	-10.9375	-19.15741	-78.44849	0.0	0.0	0.0
3522632	RAWMAG	-9.884644	-19.161987	-78.593445	0.0	0.0	0.0
3522730	RAWMAG	-8.982849	-18.71643	-78.593445	0.0	0.0	0.0
3522828	RAWMAG	-8.833313	-18.71643	-78.593445	0.0	0.0	0.0
3522926	RAWMAG	-7.6278687	-18.722534	-78.59039	0.0	0.0	0.0
3523024	RAWMAG	-8.079529	-18.721008	-78.59192	0.0	0.0	0.0
3523122	RAWMAG	-7.4783325	-18.722534	-78.59039	0.0	0.0	0.0
3523220	RAWMAG	-7.6278687	-18.421936	-78.59192	0.0	0.0	0.0
3523318	RAWMAG	-7.4813843	-17.970276	-78.593445	0.0	0.0	0.0
3523415	RAWMAG	-7.3303223	-17.971802	-78.59192	0.0	0.0	0.0
3523513	RAWMAG	-7.3303223	-17.971802	-78.59192	0.0	0.0	0.0
3523611	RAWMAG	-7.3303223	-17.971802	-78.59192	0.0	0.0	0.0
3523709	RAWMAG	-7.03125	-17.67273	-78.593445	0.0	0.0	0.0
3523807	RAWMAG	-6.1294556	-17.376709	-78.593445	0.0	0.0	0.0
3523905	RAWMAG	-5.9783936	-17.378235	-78.59192	0.0	0.0	0.0
3524003	RAWMAG	-4.022217	-17.385864	-78.58734	0.0	0.0	0.0
3524100	RAWMAG	-4.022217	-17.085266	-78.58887	0.0	0.0	0.0
3524198	RAWMAG	-3.7246704	-16.33606	-78.59192	0.0	0.0	0.0
3524296	RAWMAG	-1.6174316	-16.345215	-78.43933	0.0	0.0	0.0
3524394	RAWMAG	-1.3168335	-15.895081	-78.43933	0.0	0.0	0.0
3524492	RAWMAG	0.035095215	-15.600586	-78.437805	0.0	0.0	0.0
3524590	RAWMAG	-0.4196167	-14.848328	-78.44238	0.0	0.0	0.0
3524688	RAWMAG	-0.41809082	-14.8498535	-77.993774	0.0	0.0	0.0
3524786	RAWMAG	-0.41809082	-14.8498535	-77.993774	0.0	0.0	0.0
3524883	RAWMAG	-0.42114258	-13.949585	-77.996826	0.0	0.0	0.0
3524981	RAWMAG	-0.12054443	-13.648987	-77.85034	0.0	0.0	0.0
3525079	RAWMAG	0.17852783	-13.35144	-77.85034	0.0	0.0	0.0
3525177	RAWMAG	0.47912598	-13.352966	-77.85034	0.0	0.0	0.0
3525275	RAWMAG	0.6286621	-13.20343	-77.848816	0.0	0.0	0.0
3525373	RAWMAG	2.432251	-12.310791	-77.85034	0.0	0.0	0.0
3525471	RAWMAG	2.8762817	-10.508728	-77.85492	0.0	0.0	0.0
3525569	RAWMAG	2.8762817	-10.65979	-77.85492	0.0	0.0	0.0
3525667	RAWMAG	3.0258179	-10.810852	-77.85492	0.0	0.0	0.0
3525764	RAWMAG	4.231262	-10.81543	-77.85187	0.0	0.0	0.0
3525862	RAWMAG	4.231262	-10.514832	-77.85187	0.0	0.0	0.0
3525960	RAWMAG	4.3792725	-10.214233	-77.85339	0.0	0.0	0.0
3526058	RAWMAG	4.9819946	-10.217285	-77.85187	0.0	0.0	0.0
3526156	RAWMAG	6.185913	-10.223389	-77.848816	0.0	0.0	0.0
3526254	RAWMAG	6.7871094	-9.925842	-77.848816	0.0	0.0	0.0
3526352	RAWMAG	8.590698	-9.182739	-77.84729	0.0	0.0	0.0
3526449	RAWMAG	7.6797485	-7.525635	-78.00598	0.0	0.0	0.0
3526547	RAWMAG	7.8292847	-7.675171	-78.302	0.0	0.0	0.0
3526645	RAWMAG	7.826233	-6.9244385	-78.30505	0.0	0.0	0.0
3526743	RAWMAG	8.128357	-6.9259644	-78.30505	0.0	0.0	0.0
3526841	RAWMAG	9.1796875	-6.4804077	-78.30353	0.0	0.0	0.0
3526939	RAWMAG	9.628296	-5.581665	-78.308105	0.0	0.0	0.0
3527037	RAWMAG	10.07843	-5.131531	-78.308105	0.0	0.0	0.0
3527135	RAWMAG	10.678101	-4.6844482	-78.308105	0.0	0.0	0.0
3527232	RAWMAG	11.425781	-3.6361694	-78.31116	0.0	0.0	0.0
3527330	RAWMAG	11.871338	-2.4353027	-78.31421	0.0	0.0	0.0
3527428	RAWMAG	11.871338	-2.4353027	-78.31421	0.0	0.0	0.0
3527526	RAWMAG	12.623596	-2.1392822	-78.31421	0.0	0.0	0.0
3527624	RAWMAG	13.819885	-0.7904053	-78.4668	0.0	0.0	0.0
3527722	RAWMAG	13.819885	-0.7904053	-78.4668	0.0	0.0	0.0
3527820	RAWMAG	15.019226	0.5569458	-78.46985	0.0	0.0	0.0
3527918	RAWMAG	13.514709	0.4119873	-78.62091	0.0	0.0	0.0
3528015	RAWMAG	13.812256	0.7110596	-78.62091	0.0	0.0	0.0
3528113	RAWMAG	13.510132	1.4648438	-78.92456	0.0	0.0	0.0
3528211	RAWMAG	13.508606	1.914978	-78.778076	0.0	0.0	0.0
3528309	RAWMAG	13.50708	2.2155762	-78.7796	0.0	0.0	0.0
3528407	RAWMAG	13.800049	3.414917	-78.78265	0.0	0.0	0.0
3528505	RAWMAG	13.952637	3.567505	-78.78265	0.0	0.0	0.0
3528603	RAWMAG	13.948059	4.4677734	-78.93524	0.0	0.0	0.0
3528700	RAWMAG	14.245605	4.916382	-78.93677	0.0	0.0	0.0
3528798	RAWMAG	13.487244	6.5719604	-78.9444	0.0	0.0	0.0
3528896	RAWMAG	13.490295	6.121826	-78.94287	0.0	0.0	0.0
3528994	RAWMAG	13.938904	6.7199707	-78.9444	0.0	0.0	0.0
3529092	RAWMAG	13.935852	7.321167	-78.94592	0.0	0.0	0.0
3529190	RAWMAG	13.9328	8.222961	-78.9505	0.0	0.0	0.0
3529288	RAWMAG	13.931274	8.52356	-78.95203	0.0	0.0	0.0
3529386	RAWMAG	13.928223	9.124756	-78.95355	0.0	0.0	0.0
3529483	RAWMAG	13.926697	9.57489	-78.956604	0.0	0.0	0.0
3529581	RAWMAG	13.769531	10.626221	-78.959656	0.0	0.0	0.0
3529679	RAWMAG	13.468933	10.629272	-79.40979	0.0	0.0	0.0
3529777	RAWMAG	12.858582	11.984253	-79.41742	0.0	0.0	0.0
3529875	RAWMAG	11.801147	12.890625	-79.422	0.0	0.0	0.0
3529973	RAWMAG	11.795044	14.241028	-79.4281	0.0	0.0	0.0
3530071	RAWMAG	11.045837	13.793945	-79.42963	0.0	0.0	0.0
3530169	RAWMAG	9.992981	13.798523	-79.43115	0.0	0.0	0.0
3530267	RAWMAG	9.387207	13.952637	-79.43268	0.0	0.0	0.0
3530364	RAWMAG	9.384155	14.703369	-79.43573	0.0	0.0	0.0
3530462	RAWMAG	8.932495	15.005493	-79.43878	0.0	0.0	0.0
3530560	RAWMAG	8.178711	15.008545	-79.44031	0.0	0.0	0.0
3530658	RAWMAG	7.727051	15.161133	-79.44031	0.0	0.0	0.0
3530756	RAWMAG	6.9747925	15.16571	-79.59137	0.0	0.0	0.0
3530854	RAWMAG	6.0699463	15.318298	-79.74396	0.0	0.0	0.0
3530952	RAWMAG	6.0668945	16.220093	-79.74701	0.0	0.0	0.0
3531049	RAWMAG	5.6106567	16.827393	-80.34973	0.0	0.0	0.0
3531147	RAWMAG	4.5578003	16.981506	-80.200195	0.0	0.0	0.0
3531245	RAWMAG	4.1046143	17.282104	-80.20325	0.0	0.0	0.0
3531343	RAWMAG	3.7994385	17.73529	-80.20477	0.0	0.0	0.0
3531441	RAWMAG	2.293396	18.191528	-80.2124	0.0	0.0	0.0
3531539	RAWMAG	1.3885498	18.345642	-80.21393	0.0	0.0	0.0
3531637	RAWMAG	1.2374878	18.496704	-80.21393	0.0	0.0	0.0
3531735	RAWMAG	0.32806396	19.85321	-80.22308	0.0	0.0	0.0
3531832	RAWMAG	-0.869751	18.955994	-79.62494	0.0	0.0	0.0
3531930	RAWMAG	-0.56762695	18.951416	-79.02832	0.0	0.0	0.0
3532028	RAWMAG	-1.7730713	18.960571	-79.77753	0.0	0.0	0.0
3532126	RAWMAG	-1.7745972	19.410706	-79.77905	0.0	0.0	0.0
3532224	RAWMAG	-1.9256592	19.412231	-80.078125	0.0	0.0	0.0
3532322	RAWMAG	-2.3788452	19.714355	-80.08118	0.0	0.0	0.0
3532420	RAWMAG	-2.8320312	19.715881	-80.08118	0.0	0.0	0.0
3532518	RAWMAG	-3.2836914	19.717407	-80.0827	0.0	0.0	0.0
3532615	RAWMAG	-3.4332275	19.718933	-80.0827	0.0	0.0	0.0
3532713	RAWMAG	-5.239868	19.726562	-80.08728	0.0	0.0	0.0
3532811	RAWMAG	-6.1447144	19.880676	-80.088806	0.0	0.0	0.0
3532909	RAWMAG	-6.7474365	20.03479	-80.09033	0.0	0.0	0.0
3533007	RAWMAG	-8.706665	20.643616	-80.09796	0.0	0.0	0.0
3533105	RAWMAG	-8.557129	20.64209	-80.09796	0.0	0.0	0.0
3533203	RAWMAG	-8.558655	20.942688	-80.09949	0.0	0.0	0.0
3533301	RAWMAG	-8.558655	20.942688	-80.09949	0.0	0.0	0.0
3533398	RAWMAG	-9.010315	20.94574	-80.10101	0.0	0.0	0.0
3533496	RAWMAG	-9.613037	21.24939	-80.40314	0.0	0.0	0.0
3533594	RAWMAG	-9.915161	21.70105	-80.40466	0.0	0.0	0.0
3533692	RAWMAG	-10.366821	21.55304	-80.55267	0.0	0.0	0.0
3533790	RAWMAG	-10.520935	21.707153	-81.15082	0.0	0.0	0.0
3533888	RAWMAG	-10.670471	21.707153	-81.15082	0.0	0.0	0.0
3533986	RAWMAG	-12.928772	21.717834	-81.15692	0.0	0.0	0.0
3534084	RAWMAG	-12.928772	21.717834	-81.15692	0.0	0.0	0.0
3534181	RAWMAG	-12.928772	21.717834	-81.15692	0.0	0.0	0.0
3534279	RAWMAG	-13.079834	21.717834	-81.15692	0.0	0.0	0.0
3534377	RAWMAG	-13.832092	22.021484	-81.15997	0.0	0.0	0.0
3534475	RAWMAG	-13.986206	22.323608	-81.15997	0.0	0.0	0.0
3534573	RAWMAG	-14.286804	22.476196	-81.31256	0.0	0.0	0.0
3534671	RAWMAG	-15.341187	22.331238	-81.61163	0.0	0.0	0.0
3534769	RAWMAG	-15.945435	22.335815	-82.359314	0.0	0.0	0.0
3534867	RAWMAG	-17.149353	22.340393	-82.06329	0.0	0.0	0.0
3534964	RAWMAG	-17.30194	22.341919	-82.5119	0.0	0.0	0.0
3535062	RAWMAG	-18.354797	22.499084	-82.66449	0.0	0.0	0.0
3535160	RAWMAG	-18.055725	22.79663	-82.66449	0.0	0.0	0.0
3535258	RAWMAG	-17.755127	22.947693	-82.66449	0.0	0.0	0.0
3535356	RAWMAG	-17.756653	23.097229	-82.66449	0.0	0.0	0.0
3535454	RAWMAG	-17.755127	22.947693	-82.66449	0.0	0.0	0.0
3535552	RAWMAG	-17.755127	22.947693	-82.66449	0.0	0.0	0.0
3535650	RAWMAG	-17.758179	23.54889	-82.66754	0.0	0.0	0.0
3535747	RAWMAG	-17.758179	23.698425	-82.66754	0.0	0.0	0.0
3535845	RAWMAG	-17.758179	23.698425	-82.66754	0.0	0.0	0.0
3535943	RAWMAG	-18.058777	23.698425	-82.81708	0.0	0.0	0.0
3536041	RAWMAG	-18.359375	23.699951	-82.8186	0.0	0.0	0.0
3536139	RAWMAG	-19.714355	23.706055	-82.97119	0.0	0.0	0.0
3536237	RAWMAG	-21.220398	23.713684	-82.97424	0.0	0.0	0.0
3536335	RAWMAG	-21.672058	23.71521	-82.97577	0.0	0.0	0.0
3536433	RAWMAG	-21.220398	23.713684	-82.97424	0.0	0.0	0.0
3536530	RAWMAG	-22.425842	23.718262	-82.977295	0.0	0.0	0.0
3536628	RAWMAG	-22.427368	23.719788	-83.27484	0.0	0.0	0.0
3536726	RAWMAG	-22.427368	23.721313	-83.4259	0.0	0.0	0.0
3536824	RAWMAG	-22.427368	23.721313	-83.4259	0.0	0.0	0.0
3536922	RAWMAG	-22.427368	23.721313	-83.4259	0.0	0.0	0.0
3537020	RAWMAG	-22.427368	23.721313	-83.4259	0.0	0.0	0.0
3537118	RAWMAG	-22.427368	23.721313	-83.4259	0.0	0.0	0.0
3537215	RAWMAG	-22.427368	23.721313	-83.4259	0.0	0.0	0.0
3537313	RAWMAG	-22.576904	23.721313	-83.4259	0.0	0.0	0.0
3537411	RAWMAG	-23.028564	23.724365	-83.42743	0.0	0.0	0.0
3537509	RAWMAG	-23.62976	23.725891	-83.428955	0.0	0.0	0.0
3537607	RAWMAG	-25.437927	23.583984	-83.280945	0.0	0.0	0.0
3537705	RAWMAG	-25.437927	23.583984	-83.280945	0.0	0.0	0.0
3537803	RAWMAG	-25.889587	23.735046	-83.28247	0.0	0.0	0.0
3537901	RAWMAG	-26.341248	23.587036	-83.284	0.0	0.0	0.0
3537999	RAWMAG	-26.490784	23.588562	-83.284	0.0	0.0	0.0
3538096	RAWMAG	-26.490784	23.588562	-83.284	0.0	0.0	0.0
3538194	RAWMAG	-26.490784	23.590088	-83.43506	0.0	0.0	0.0
3538292	RAWMAG	-26.490784	23.590088	-83.43506	0.0	0.0	0.0
3538390	RAWMAG	-26.794434	23.742676	-84.03168	0.0	0.0	0.0
3538488	RAWMAG	-26.94397	23.742676	-84.0332	0.0	0.0	0.0
3538586	RAWMAG	-26.94397	23.742676	-84.0332	0.0	0.0	0.0
3538684	RAWMAG	-26.945496	23.893738	-84.33075	0.0	0.0	0.0
3538781	RAWMAG	-27.246094	23.895264	-84.33075	0.0	0.0	0.0
3538879	RAWMAG	-27.246094	23.895264	-84.33075	0.0	0.0	0.0
3538977	RAWMAG	-27.246094	23.895264	-84.48181	0.0	0.0	0.0
3539075	RAWMAG	-27.697754	23.89679	-84.48334	0.0	0.0	0.0
3539173	RAWMAG	-28.149414	23.898315	-84.48334	0.0	0.0	0.0
3539271	RAWMAG	-28.453064	23.902893	-84.931946	0.0	0.0	0.0
3539369	RAWMAG	-28.752136	23.904419	-85.08148	0.0	0.0	0.0
3539467	RAWMAG	-29.356384	23.90747	-85.08301	0.0	0.0	0.0
3539564	RAWMAG	-30.259705	24.06311	-85.53467	0.0	0.0	0.0
3539662	RAWMAG	-29.658508	24.061584	-85.53314	0.0	0.0	0.0
3539760	RAWMAG	-30.111694	24.362183	-85.53467	0.0	0.0	0.0
3539858	RAWMAG	-30.262756	24.813843	-85.53772	0.0	0.0	0.0
3539956	RAWMAG	-30.56488	24.815369	-85.53772	0.0	0.0	0.0
3540054	RAWMAG	-30.714417	24.816895	-85.53772	0.0	0.0	0.0
3540152	RAWMAG	-30.873108	26.469421	-85.54382	0.0	0.0	0.0
3540250	RAWMAG	-31.17218	26.020813	-85.54382	0.0	0.0	0.0
3540347	RAWMAG	-31.625366	26.472473	-85.546875	0.0	0.0	0.0
3540445	RAWMAG	-32.22809	26.475525	-85.5484	0.0	0.0	0.0
3540543	RAWMAG	-32.22809	26.176453	-85.84442	0.0	0.0	0.0
3540641	RAWMAG	-33.135986	26.33667	-87.34131	0.0	0.0	0.0
3540739	RAWMAG	-32.984924	26.335144	-87.34131	0.0	0.0	0.0
3540837	RAWMAG	-32.984924	26.335144	-87.34131	0.0	0.0	0.0
3540935	RAWMAG	-32.984924	26.33667	-87.490845	0.0	0.0	0.0
3541033	RAWMAG	-33.436584	26.339722	-87.490845	0.0	0.0	0.0
3541130	RAWMAG	-33.587646	26.339722	-87.49237	0.0	0.0	0.0
3541228	RAWMAG	-34.188843	26.342773	-87.49237	0.0	0.0	0.0
3541326	RAWMAG	-34.942627	26.345825	-87.49542	0.0	0.0	0.0
3541424	RAWMAG	-35.394287	26.347351	-87.49542	0.0	0.0	0.0
3541522	RAWMAG	-36.447144	26.351929	-87.498474	0.0	0.0	0.0
3541620	RAWMAG	-35.995483	26.350403	-87.49695	0.0	0.0	0.0
3541718	RAWMAG	-37.04834	26.350403	-86.60431	0.0	0.0	0.0
3541816	RAWMAG	-37.498474	26.351929	-86.45477	0.0	0.0	0.0
3541913	RAWMAG	-37.49695	26.052856	-86.45325	0.0	0.0	0.0
3542011	RAWMAG	-37.79602	26.048279	-85.112	0.0	0.0	0.0
3542109	RAWMAG	-38.24768	26.049805	-85.113525	0.0	0.0	0.0
3542207	RAWMAG	-38.54828	26.05133	-85.261536	0.0	0.0	0.0
3542305	RAWMAG	-39.302063	26.054382	-85.26306	0.0	0.0	0.0
3542403	RAWMAG	-39.904785	26.057434	-85.26459	0.0	0.0	0.0
3542501	RAWMAG	-41.107178	26.063538	-85.26764	0.0	0.0	0.0
3542599	RAWMAG	-41.25824	25.76294	-85.26611	0.0	0.0	0.0
3542696	RAWMAG	-41.859436	25.616455	-85.26764	0.0	0.0	0.0
3542794	RAWMAG	-42.30652	25.016785	-85.1181	0.0	0.0	0.0
3542892	RAWMAG	-43.20984	25.021362	-85.11963	0.0	0.0	0.0
3542990	RAWMAG	-42.60559	24.867249	-84.96857	0.0	0.0	0.0
3543088	RAWMAG	-42.755127	24.71466	-84.3689	0.0	0.0	0.0
3543186	RAWMAG	-44.10858	24.717712	-83.77533	0.0	0.0	0.0
3543284	RAWMAG	-44.25354	23.814392	-83.02765	0.0	0.0	0.0
3543382	RAWMAG	-44.7052	23.814392	-82.58057	0.0	0.0	0.0
3543479	RAWMAG	-45.45746	23.81897	-83.029175	0.0	0.0	0.0
3543577	RAWMAG	-45.455933	23.815918	-82.133484	0.0	0.0	0.0
3543675	RAWMAG	-46.05713	23.81897	-82.13501	0.0	0.0	0.0
3543773	RAWMAG	-46.96045	23.672485	-82.13806	0.0	0.0	0.0
3543871	RAWMAG	-47.86377	23.677063	-82.13959	0.0	0.0	0.0
3543969	RAWMAG	-48.01483	23.677063	-81.99158	0.0	0.0	0.0
3544067	RAWMAG	-48.76709	23.68164	-81.9931	0.0	0.0	0.0
3544165	RAWMAG	-48.76709	23.68164	-81.9931	0.0	0.0	0.0
3544262	RAWMAG	-49.064636	23.37799	-81.84204	0.0	0.0	0.0
3544360	RAWMAG	-49.06311	23.078918	-81.840515	0.0	0.0	0.0
3544458	RAWMAG	-49.061584	22.628784	-81.83899	0.0	0.0	0.0
3544556	RAWMAG	-49.061584	22.628784	-81.69098	0.0	0.0	0.0
3544654	RAWMAG	-49.061584	22.627258	-81.39191	0.0	0.0	0.0
3544752	RAWMAG	-49.061584	22.92633	-81.2439	0.0	0.0	0.0
3544850	RAWMAG	-49.06006	22.47467	-81.092834	0.0	0.0	0.0
3544948	RAWMAG	-49.360657	22.47467	-80.496216	0.0	0.0	0.0
3545045	RAWMAG	-49.50714	22.323608	-79.75006	0.0	0.0	0.0
3545143	RAWMAG	-50.256348	22.166443	-77.51312	0.0	0.0	0.0
3545241	RAWMAG	-51.460266	22.169495	-77.36664	0.0	0.0	0.0
3545339	RAWMAG	-52.815247	21.878052	-77.96478	0.0	0.0	0.0
3545437	RAWMAG	-52.212524	21.577454	-77.96173	0.0	0.0	0.0
3545535	RAWMAG	-52.207947	20.82367	-77.81067	0.0	0.0	0.0
3545633	RAWMAG	-52.207947	20.82367	-77.81067	0.0	0.0	0.0
3545731	RAWMAG	-52.201843	19.622803	-77.80609	0.0	0.0	0.0
3545828	RAWMAG	-52.204895	20.223999	-77.80762	0.0	0.0	0.0
3545926	RAWMAG	-52.204895	20.37201	-77.212524	0.0	0.0	0.0
3546024	RAWMAG	-52.20337	20.222473	-77.211	0.0	0.0	0.0
3546122	RAWMAG	-52.201843	20.06836	-76.61438	0.0	0.0	0.0
3546220	RAWMAG	-52.348328	19.91272	-75.56915	0.0	0.0	0.0
3546318	RAWMAG	-53.100586	19.914246	-75.1236	0.0	0.0	0.0
3546416	RAWMAG	-53.852844	19.470215	-75.8667	0.0	0.0	0.0
3546514	RAWMAG	-54.304504	19.47174	-75.57068	0.0	0.0	0.0
3546611	RAWMAG	-53.700256	19.319153	-75.56915	0.0	0.0	0.0
3546709	RAWMAG	-53.849792	19.16809	-74.97101	0.0	0.0	0.0
3546807	RAWMAG	-54.748535	17.96875	-74.668884	0.0	0.0	0.0
3546905	RAWMAG	-55.044556	17.51709	-74.220276	0.0	0.0	0.0
3547003	RAWMAG	-55.044556	17.51709	-74.220276	0.0	0.0	0.0
3547101	RAWMAG	-55.195618	17.515564	-74.07074	0.0	0.0	0.0
3547199	RAWMAG	-55.49164	17.510986	-72.43042	0.0	0.0	0.0
3547297	RAWMAG	-55.490112	17.211914	-72.428894	0.0	0.0	0.0
3547394	RAWMAG	-55.490112	17.211914	-72.57843	0.0	0.0	0.0
3547492	RAWMAG	-55.490112	17.060852	-72.57843	0.0	0.0	0.0
3547590	RAWMAG	-55.490112	17.060852	-72.57843	0.0	0.0	0.0
3547688	RAWMAG	-55.490112	17.060852	-72.57843	0.0	0.0	0.0
3547786	RAWMAG	-55.490112	16.911316	-72.576904	0.0	0.0	0.0
3547884	RAWMAG	-55.488586	16.760254	-72.42737	0.0	0.0	0.0
3547982	RAWMAG	-55.48706	16.308594	-72.128296	0.0	0.0	0.0
3548080	RAWMAG	-55.636597	16.159058	-72.12677	0.0	0.0	0.0
3548177	RAWMAG	-56.08673	15.710449	-72.12677	0.0	0.0	0.0
3548275	RAWMAG	-56.08673	16.009521	-71.82922	0.0	0.0	0.0
3548373	RAWMAG	-56.080627	15.25116	-70.03479	0.0	0.0	0.0
3548471	RAWMAG	-56.983948	15.403748	-70.036316	0.0	0.0	0.0
3548569	RAWMAG	-56.98242	15.402222	-69.58923	0.0	0.0	0.0
3548667	RAWMAG	-56.983948	15.254211	-70.036316	0.0	0.0	0.0
3548765	RAWMAG	-56.98242	14.953613	-70.03479	0.0	0.0	0.0
3548863	RAWMAG	-56.98242	14.804077	-70.03479	0.0	0.0	0.0
3548960	RAWMAG	-56.98242	14.804077	-70.03479	0.0	0.0	0.0
3549058	RAWMAG	-56.98242	14.953613	-70.03479	0.0	0.0	0.0
3549156	RAWMAG	-56.98242	14.953613	-70.03479	0.0	0.0	0.0
3549254	RAWMAG	-57.130432	14.503479	-70.033264	0.0	0.0	0.0
3549352	RAWMAG	-57.57904	14.054871	-70.033264	0.0	0.0	0.0
3549450	RAWMAG	-59.38568	14.213562	-69.740295	0.0	0.0	0.0
3549548	RAWMAG	-59.536743	14.215088	-69.740295	0.0	0.0	0.0
3549646	RAWMAG	-59.988403	14.215088	-69.44122	0.0	0.0	0.0
3549743	RAWMAG	-59.83734	14.215088	-69.44122	0.0	0.0	0.0
3549841	RAWMAG	-59.83734	14.215088	-69.44122	0.0	0.0	0.0
3549939	RAWMAG	-59.835815	14.212036	-68.844604	0.0	0.0	0.0
3550037	RAWMAG	-59.835815	14.212036	-68.844604	0.0	0.0	0.0
3550135	RAWMAG	-59.835815	14.212036	-68.844604	0.0	0.0	0.0
3550233	RAWMAG	-59.832764	14.057922	-68.247986	0.0	0.0	0.0
3550331	RAWMAG	-59.832764	13.761902	-68.69507	0.0	0.0	0.0
3550428	RAWMAG	-59.831238	13.459778	-68.69354	0.0	0.0	0.0
3550526	RAWMAG	-60.281372	13.162231	-68.69354	0.0	0.0	0.0
3550624	RAWMAG	-60.72998	12.562561	-68.69354	0.0	0.0	0.0
3550722	RAWMAG	-61.78589	13.317871	-68.69812	0.0	0.0	0.0
3550820	RAWMAG	-61.93695	13.018799	-68.696594	0.0	0.0	0.0
3550918	RAWMAG	-63.74054	12.425232	-68.69812	0.0	0.0	0.0
3551016	RAWMAG	-63.591003	12.574768	-68.699646	0.0	0.0	0.0
3551114	RAWMAG	-63.74054	12.576294	-68.699646	0.0	0.0	0.0
3551211	RAWMAG	-63.739014	12.275696	-68.69812	0.0	0.0	0.0
3551309	RAWMAG	-63.739014	12.27417	-68.54706	0.0	0.0	0.0
3551407	RAWMAG	-63.890076	12.27417	-68.54706	0.0	0.0	0.0
3551505	RAWMAG	-63.890076	12.27417	-68.54706	0.0	0.0	0.0
3551603	RAWMAG	-63.88855	12.272644	-67.95044	0.0	0.0	0.0
3551701	RAWMAG	-63.885498	12.266541	-66.607666	0.0	0.0	0.0
3551799	RAWMAG	-63.882446	12.258911	-64.816284	0.0	0.0	0.0
3551897	RAWMAG	-63.883972	12.261963	-65.56244	0.0	0.0	0.0
3551995	RAWMAG	-64.18457	12.113953	-65.86304	0.0	0.0	0.0
3552092	RAWMAG	-64.33563	12.1154785	-65.86304	0.0	0.0	0.0
3552190	RAWMAG	-64.33563	12.1154785	-65.86304	0.0	0.0	0.0
3552288	RAWMAG	-65.5365	11.520386	-65.86304	0.0	0.0	0.0
3552386	RAWMAG	-65.5365	11.369324	-65.86304	0.0	0.0	0.0
3552484	RAWMAG	-65.98816	11.073303	-66.45813	0.0	0.0	0.0
3552582	RAWMAG	-66.589355	10.926819	-66.607666	0.0	0.0	0.0
3552680	RAWMAG	-67.037964	10.176086	-66.60614	0.0	0.0	0.0
3552778	RAWMAG	-67.03491	9.277344	-66.60309	0.0	0.0	0.0
3552875	RAWMAG	-66.73279	9.425354	-66.60309	0.0	0.0	0.0
3552973	RAWMAG	-66.73279	9.425354	-66.60309	0.0	0.0	0.0
3553071	RAWMAG	-66.73279	9.425354	-66.60309	0.0	0.0	0.0
3553169	RAWMAG	-66.73279	9.425354	-66.60309	0.0	0.0	0.0
3553267	RAWMAG	-66.73279	9.425354	-66.60309	0.0	0.0	0.0
3553365	RAWMAG	-66.73279	9.423828	-66.30554	0.0	0.0	0.0
3553463	RAWMAG	-66.73279	9.423828	-66.30554	0.0	0.0	0.0
3553560	RAWMAG	-66.73279	9.423828	-66.30554	0.0	0.0	0.0
3553658	RAWMAG	-66.73279	9.423828	-66.30554	0.0	0.0	0.0
3553756	RAWMAG	-67.03491	9.425354	-66.30554	0.0	0.0	0.0
3553854	RAWMAG	-67.1814	8.825684	-66.304016	0.0	0.0	0.0
3553952	RAWMAG	-68.38684	8.830261	-66.156006	0.0	0.0	0.0
3554050	RAWMAG	-70.49408	8.8394165	-66.16058	0.0	0.0	0.0
3554148	RAWMAG	-70.04089	8.5372925	-66.15906	0.0	0.0	0.0
3554246	RAWMAG	-69.58618	7.785034	-66.15448	0.0	0.0	0.0
3554344	RAWMAG	-69.584656	7.183838	-66.15143	0.0	0.0	0.0
3554441	RAWMAG	-69.581604	6.5826416	-66.1499	0.0	0.0	0.0
3554539	RAWMAG	-69.57703	6.1309814	-65.849304	0.0	0.0	0.0
3554637	RAWMAG	-69.425964	5.9768677	-65.55023	0.0	0.0	0.0
3554735	RAWMAG	-69.8761	5.9783936	-65.10162	0.0	0.0	0.0
3554833	RAWMAG	-70.02716	5.9783936	-64.95514	0.0	0.0	0.0
3554931	RAWMAG	-69.5755	5.9768677	-64.95361	0.0	0.0	0.0
3555029	RAWMAG	-69.573975	5.6762695	-64.95209	0.0	0.0	0.0
3555126	RAWMAG	-69.573975	5.5282593	-65.39917	0.0	0.0	0.0
3555224	RAWMAG	-69.573975	5.5282593	-65.39917	0.0	0.0	0.0
3555322	RAWMAG	-69.573975	5.5267334	-65.1001	0.0	0.0	0.0
3555420	RAWMAG	-69.573975	5.5267334	-65.1001	0.0	0.0	0.0
3555518	RAWMAG	-69.87457	5.5267334	-64.80255	0.0	0.0	0.0
3555616	RAWMAG	-70.32471	5.378723	-64.80255	0.0	0.0	0.0
3555714	RAWMAG	-70.47424	4.777527	-64.801025	0.0	0.0	0.0
3555812	RAWMAG	-70.92438	4.6295166	-64.801025	0.0	0.0	0.0
3555909	RAWMAG	-70.92285	4.1793823	-64.7995	0.0	0.0	0.0
3556007	RAWMAG	-70.921326	4.029846	-64.7995	0.0	0.0	0.0
3556105	RAWMAG	-70.921326	3.7277222	-64.79797	0.0	0.0	0.0
3556203	RAWMAG	-70.91522	2.5268555	-64.793396	0.0	0.0	0.0
3556301	RAWMAG	-70.91675	2.6763916	-64.793396	0.0	0.0	0.0
3556399	RAWMAG	-70.91675	2.6763916	-64.793396	0.0	0.0	0.0
3556497	RAWMAG	-70.91675	2.6779175	-64.94293	0.0	0.0	0.0
3556595	RAWMAG	-71.21735	2.6763916	-64.793396	0.0	0.0	0.0
3556692	RAWMAG	-71.21582	2.5268555	-64.793396	0.0	0.0	0.0
3556790	RAWMAG	-71.21582	2.5268555	-64.793396	0.0	0.0	0.0
3556888	RAWMAG	-71.214294	2.2277832	-65.08942	0.0	0.0	0.0
3556986	RAWMAG	-71.21277	1.9302368	-65.38696	0.0	0.0	0.0
3557084	RAWMAG	-71.21277	1.7776489	-64.93988	0.0	0.0	0.0
3557182	RAWMAG	-70.90607	0.2746582	-64.93378	0.0	0.0	0.0
3557280	RAWMAG	-70.90607	0.5767822	-64.9353	0.0	0.0	0.0
3557378	RAWMAG	-70.90607	0.4257202	-64.93378	0.0	0.0	0.0
3557475	RAWMAG	-70.75653	0.27313232	-64.93378	0.0	0.0	0.0
3557576	RAWMAG	-69.54956	-0.030517578	-64.9292	0.0	0.0	0.0
3557674	RAWMAG	-69.39545	-0.78430176	-64.92615	0.0	0.0	0.0
3557776	RAWMAG	-69.84711	-0.630188	-64.92615	0.0	0.0	0.0
3557873	RAWMAG	-69.54651	-0.78430176	-64.77661	0.0	0.0	0.0
3557971	RAWMAG	-69.39545	-0.78430176	-64.92615	0.0	0.0	0.0
3558069	RAWMAG	-69.39392	-1.083374	-64.92462	0.0	0.0	0.0
3558167	RAWMAG	-69.392395	-1.385498	-64.77356	0.0	0.0	0.0
3558265	RAWMAG	-69.39087	-1.385498	-64.62402	0.0	0.0	0.0
3558363	RAWMAG	-68.78967	-1.3900757	-64.17389	0.0	0.0	0.0
3558461	RAWMAG	-68.78967	-1.3900757	-64.17389	0.0	0.0	0.0
3558559	RAWMAG	-68.78815	-1.5396118	-64.17389	0.0	0.0	0.0
3558656	RAWMAG	-67.88483	-1.8447876	-64.16931	0.0	0.0	0.0
3558754	RAWMAG	-67.8833	-1.9943237	-64.16931	0.0	0.0	0.0
3558848	RAWMAG	-68.03131	-1.9958496	-63.87329	0.0	0.0	0.0
3558950	RAWMAG	-68.029785	-2.2979736	-63.424683	0.0	0.0	0.0
3559048	RAWMAG	-67.87872	-2.597046	-63.42163	0.0	0.0	0.0
3559146	RAWMAG	-67.87872	-2.89917	-63.420105	0.0	0.0	0.0
3559243	RAWMAG	-67.41791	-5.003357	-63.412476	0.0	0.0	0.0
3559340	RAWMAG	-66.970825	-3.805542	-63.415527	0.0	0.0	0.0
3559436	RAWMAG	-66.66565	-4.4067383	-63.412476	0.0	0.0	0.0
3559533	RAWMAG	-66.66565	-4.4067383	-63.412476	0.0	0.0	0.0
3559631	RAWMAG	-66.66565	-4.4067383	-63.412476	0.0	0.0	0.0
3559730	RAWMAG	-66.66565	-4.4067383	-63.412476	0.0	0.0	0.0
3559827	RAWMAG	-66.66565	-4.4067383	-63.412476	0.0	0.0	0.0
3559929	RAWMAG	-66.66565	-4.4067383	-63.412476	0.0	0.0	0.0
3560027	RAWMAG	-66.66412	-4.408264	-63.113403	0.0	0.0	0.0
3560124	RAWMAG	-66.6626	-4.411316	-62.36725	0.0	0.0	0.0
3560216	RAWMAG	-66.66107	-4.4143677	-61.621094	0.0	0.0	0.0
3560314	RAWMAG	-66.659546	-4.4158936	-61.172485	0.0	0.0	0.0
3560412	RAWMAG	-66.659546	-4.4158936	-61.172485	0.0	0.0	0.0
3560509	RAWMAG	-66.659546	-4.4174194	-61.024475	0.0	0.0	0.0
3560607	RAWMAG	-66.36047	-4.4143677	-61.619568	0.0	0.0	0.0
3560705	RAWMAG	-65.00549	-4.5700073	-61.616516	0.0	0.0	0.0
3560803	RAWMAG	-60.791016	-4.5898438	-61.457825	0.0	0.0	0.0
3560901	RAWMAG	-61.24115	-4.586792	-61.60736	0.0	0.0	0.0
3560999	RAWMAG	-61.239624	-4.888916	-61.4563	0.0	0.0	0.0
3561097	RAWMAG	-61.239624	-4.888916	-61.4563	0.0	0.0	0.0
3561195	RAWMAG	-61.2381	-5.340576	-61.454773	0.0	0.0	0.0
3561292	RAWMAG	-61.23352	-5.7907104	-61.154175	0.0	0.0	0.0
3561390	RAWMAG	-61.23047	-6.541443	-61.151123	0.0	0.0	0.0
3561488	RAWMAG	-61.228943	-6.993103	-60.850525	0.0	0.0	0.0
3561586	RAWMAG	-61.228943	-6.993103	-60.850525	0.0	0.0	0.0
3561684	RAWMAG	-60.77881	-6.994629	-60.850525	0.0	0.0	0.0
3561782	RAWMAG	-60.176086	-6.9976807	-60.849	0.0	0.0	0.0
3561880	RAWMAG	-60.173035	-7.3013306	-60.401917	0.0	0.0	0.0
3561978	RAWMAG	-59.420776	-7.305908	-60.250854	0.0	0.0	0.0
3562075	RAWMAG	-59.420776	-7.305908	-60.250854	0.0	0.0	0.0
3562173	RAWMAG	-59.269714	-7.307434	-60.250854	0.0	0.0	0.0
3562271	RAWMAG	-59.269714	-7.307434	-60.10132	0.0	0.0	0.0
3562369	RAWMAG	-59.26819	-7.310486	-59.65271	0.0	0.0	0.0
